  8 0011111011111111111111111111
  8 1000111000111111111111111111
  8 1111001110111011111111111111
  9 000011111101011010111110110111111111
  9 000110110010111101111011111111011110
  9 000111100010111010111011111001111011
  9 001100110001111111101011111111011111
  9 010110110110111001111011111110001011
  9 011000111100011010101011011111111101
  9 011100011110001001101010110111111111
  9 100010110000111110011111111111111111
  9 101101010101011111110110010111111111
  9 110000110001110001110111011101011111
  9 110001010100011100011001011111111111
  9 110010000100111010111011111111011111
  9 111000011100001100001000011111111111
  9 111000101100001100001000101111111111
  9 111001100011101011011111100011101111
 10 000000111000001110000111000111001110111111000
 10 000001111010101101100101001011111011011001111
 10 000001111010110010110101011011101110010111110
 10 000001111010110010110101100111010111111011110
 10 000001111010110011110100001101101110011111101
 10 000001111011010011010101001101101111011011111
 10 000001111011010011010101001110101111011011111
 10 000001111101010100010101110011011101101011111
 10 000001111110010100100101011110101111011101011
 10 000001111110011000101010110101100110111111011
 10 000010111000011111100110100110110011011101011
 10 000010111101000111010100001111110111001101111
 10 000011011010101010111100100111010111110110011
 10 000011101011010010110110001111100110011111110
 10 000011110011100011101010001101100110111111110
 10 000100011000110110010111001111111000011011110
 10 000100011001101010101011001111110001111110110
 10 000100111010010110111100010111010111101010111
 10 000100111010011100111001010111011101011001111
 10 000100111100101010101010011011001111101011110
 10 000100111101000110001011011110110000111101111
 10 000100111101000110001110011101110000111011111
 10 000100111110001010101101011011111001011010111
 10 000100111110001100101001010111011011111011011
 10 000101011001001110110110111010000011101111111
 10 000101110110010100011101110011100110101111110
 10 000110011000011111101011010111111011110110010
 10 000110011010101100101110101011001011111111011
 10 000111001010100111101010001101001111111110111
 10 001000111001011011011010001101101111011110011
 10 001000111100001110000111001101110111111011010
 10 001000111101001010010011001111111011011110011
 10 001001011010111001101001000110110110111101111
 10 001001100000111100101011110011011010111001111
 10 001010001010100011100011100010011011110111111
 10 001010011000101110101011100101010110111111010
 10 001010011011110000011101000011001111100111111
 10 001010100011001011010011001000011111011111111
 10 001011000001011010011110000111110110111011111
 10 001011001001101010011110000111010110011111111
 10 001011001001101011101100000111010111111011111
 10 001011001001101011110010000111010111110111111
 10 001100001010010111000111010000111101101011111
 10 001100011000011110010111001011110100111101110
 10 001100011111001000001111010110110011101011111
 10 001100110010011011010111001010110111101001111
 10 001100110011010010011101001011100110111110011
 10 001110000001010110010111001111011011110011110
 10 001110001001010110010111001110100111101111111
 10 010000011000011111001100110001110110111011110
 10 010000011100100101000100110011011111101111110
 10 010000111010001110001011010011111111101101001
 10 010000111010001110001101010101110111011011110
 10 010000111110000110010100001110111011011011110
 10 010001001010010111010100000011111110111110011
 10 010001010000011110010101111110111010011001101
 10 010001011010001110010111101011110110111101011
 10 010001100010010111010001000101111110111011111
 10 010001100010011001000011000011111111111001111
 10 010001101010010110110001110001011100111111111
 10 010001110010011010110101111010100110011111110
 10 010001110111000100010101101011110010111111110
 10 010010011000111010001011100111001111101111011
 10 010010011001101011000111001111111011010110011
 10 010010011010001111100100110001010111101111111
 10 010010110010101011001010001001011110111111111
 10 010100011010100110000111001011011111111101011
 10 010100011010100110010111101011011011110101101
 10 010100101010101010001111001111110111011010110
 10 010100101011000110011101011011011101111110111
 10 010101000010101000010101101010001111011111111
 10 010101010001101010010011001111111000111111011
 10 010110000000101110001011101111011010111011110
 10 010110000011100000000111001011011011111111111
 10 010110100101010100000111011111111101101011011
 10 011000011001100110111010110101001101001111111
 10 011000011100100110001010110100011111110101011
 10 011000011101000110010001100101010011111111111
 10 011000011110101000010011100101011111110111011
 10 011001001000011110100101010101100110011111111
 10 011001010110001010000111001011111111111011110
 10 011010001101100011100001000111010111110111111
 10 100000110110000011010101001011111110111111011
 10 100000111000001111000111000111110111011011110
 10 100000111000001111010011001101110111011101110
 10 100000111000001111010101001101110110011011111
 10 100000111000011010011011110101011111011010110
 10 100000111000101010011110110101011111010011011
 10 100000111000101101011001011001111100001110111
 10 100000111001001011010101001101110111011011111
 10 100000111001100010101110011101010110111011011
 10 100000111001100110011111101111101011001110001
 10 100000111100000110011100110011011111011101111
 10 100000111100001010101010011101110110111111011
 10 100000111101000100011100101111101011011011111
 10 100001011000010111000111000111111011101011111
 10 100001011000100111100011001111101111110101011
 10 100001011100010010010110111001011110111101111
 10 100001101000011010101011011011001110111100101
 10 100001110000011011001011000111111111111100001
 10 100010010001001010011011101111110010101111111
 10 100010100000010110011101100111111100011111111
 10 100010101000010110011011011101111100001001111
 10 100010101000010111100110100110110011101011111
 10 100010110000011101001101010101111111011011111
 10 100100101000100111010110100110110011001111111
 10 100101000000100110001111111101001111011101111
 10 100110000000001110011101101110010110111011111
 10 101000101001000111100110001001100011111111111
 10 101010001000001110010111101010011111110101001
 10 101100001001001010110011001110110001111111111
 10 110000011010000110100011100011000111111111111
 10 110000011010000110100011100101010011111111111
 10 110000011010000111001100001100011111111011111
 10 110000011010100010101001001111101111110110011
 10 110000011100000110000011101011001111111111110
 10 110000101000101010011010110101011111010011111
 10 110001010010001100010111101011110110111101011
 10 110001010010010100010101100101011111111011111
 10 110001110010011100101101011011111011011000111
 10 110010100010010100010011011100111010011111111
 10 110100010000101010101001101110000111111111111
 10 110110010011010011010101001110001111011011111
 10 111000001000010110000111110010111101110101011
 10 111000001110000010011000000110111100111111011
 10 111000010000011010101011010111110110111101011
 10 111000100001001010001011111000001111111011111
 10 111001001011011000011011000111111101110001111
 10 111100000000101010001011001101100110111111111
 10 111100001100110010000111110101010111101011111
 10 111111000111001101010101001011111101101011111
 11 0000000111001001011001101010100111101001000101111101000
 11 0000001110000101110001110011000111010011001011110001011
 11 0000001111001101100010110100110110000111010111101001011
 11 0000001111011001010101001100011100110011100111100101011
 11 0000010110100010011000011100111101101111111000001001001
 11 0000011010000111010001101011001011000111010010101100111
 11 0000011100000011100100100110010011101110011010010001011
 11 0000011100000101101010110101000111110000110010010001111
 11 0000100101000100101001100110011101001111100101001011101
 11 0000100110100100010000010011001101010011110010111110011
 11 0000101100000011010000011110011101101011000110101000111
 11 0000101100000110101001010111011001000111000101101011111
 11 0000101100001011010100101010101010100101000011011010111
 11 0000110010000101110000110110101011010111001000001101011
 11 0000110010011000100000101110101010111001011001001001111
 11 0000110100000001111000011110100111010111000110011011001
 11 0001001010001001001000011110001111010100110110011000111
 11 0001001010001010010001011100010111100101110010101101001
 11 0001001100001001100010000111000011000000011111111011110
 11 0001001100001001100100010110000111110000100110011011111
 11 0001001100001001100100011100001101110000100110011011111
 11 0001010001000010111010010110100111101000001011110011010
 11 0001010010000110101010011011000111001000110110101011101
 11 0001010100000011101001010111000111000011111010011011010
 11 0001100001000101101010110101000111010000110100011101111
 11 0010000101010001100000011110100010011101101111011001001
 11 0010001001000011101001001111000110011010110010101010111
 11 0010001010000001111100001110000101111010100110011101010
 11 0010001010000011110000011110110001100111010011101000011
 11 0010001011100010110000101100011001101101011010011010011
 11 0010001100000011100010010110100011011100101010010011111
 11 0010010001100110001000001111001100011010110110100011111
 11 0010011010000010111001110010110100101111001011010011111
 11 0010011010001010110001011101100011100011000111101101010
 11 0010100001000110101001011011001010000111100001110011101
 11 0011000001010100001011000010000110000110001101111111011
 11 0011000010010000111010001110000101000101111101011011010
 11 0011010000001001101001100110101100100010001001011011111
 11 0100000011100000011000011001001011001011101110111101100
 11 0100000101001000111101100001001001000110110110111111000
 11 0100000111010000111001000111000011001101101011111111101
 11 0100001001000011110001001101110100101001000011011010111
 11 0100001100010001100001100011010001000111010111110011111
 11 0100010011000101011000110011010101010101011100010110011
 11 0100010011010010011000001110001011100111010111100101101
 11 0100100010010100010000011011011000000111110011011100111
 11 0100110000001110000000010111010101001100001111010011111
 11 0100110000100011001000001101110110101101010101001001111
 11 0100110010100001011000001101010110101001001011100011011
 11 0100110100010101100000110010011010100111110000001010111
 11 0101000100000110110001010011001110010010110010101011011
 11 0101001000000010111001001011001011000011110110111101010
 11 0101100001011100001001000111000011000100001001111111100
 11 0110000011001100011010010100100101000101010101111110011
 11 0110000011001100011010010100100101000110010011111011111
 11 0110000101101001001000000111110000010010011100111111010
 11 0110101000101011000001100000010011100101001010011111111
 11 0111100000110000101000001010011000000111010111101011101
 11 1000000101001010010001011010100111110001010001011110101
 11 1000000110001000001000111010100111111000000110111111001
 11 1000000111000000111000101110001111001111101110011011001
 11 1000000111000000111011001010011101100011000111011011100
 11 1000000111000000111100101010001011101101100110111111011
 11 1000000111000100110010010111110001000111110011110101001
 11 1000001001000100010000110110001111110110010010111100111
 11 1000001011000001011110001010000111000111101110111110010
 11 1000001100001000011001101010100111101010010001111011110
 11 1000010001000001010100101010001110101011001111110100011
 11 1000010100000001001000111101110001001011101110001110111
 11 1000011000010000110011100101001010000101111010011101011
 11 1000100011001000011101100011001001001110101011110101101
 11 1000100011011010000100001110000110011010011111101101001
 11 1000100101001000101001001111011001010010010101101011100
 11 1000101000000000111001011100110011011101001011011001101
 11 1000110001000110001100110010010101101110000110010111110
 11 1001000011000000111110100010100101011000111011010110111
 11 1001000011000000111111000010010101101000110011110110111
 11 1001000011001000011100001110000111001001111101110011010
 11 1001000011011000010100001110000101001001111101110011010
 11 1001000101000100011100100110001101001111101110111111011
 11 1001001000000010011010011100100111110000010010111101011
 11 1001001001001000101010101011101001000010011111111010100
 11 1001010100000101100000011110010111100011000110011011111
 11 1001100001100010001110000100001101001010101101101011110
 11 1010000100000011010010001110100011011100110010001110111
 11 1010000110101000001001000110001110011101110111011100110
 11 1010001010001000101000011110010110101001110110111101101
 11 1010010001100110000000011100001101100111000111011111111
 11 1011000000000100011100110100000101111010101010110111010
 11 1100000001000110010000011101101001010101100110011111110
 11 1100000011000001011000001111000111001011111101101100001
 11 1100000011000111000000001111001011001011111001100000111
 11 1100000011100000011000000111100011100011000111111111110
 11 1100000100000000011000000110010111001111110110111111110
 11 1100000100000010011000010110011101100111001110111111011
 11 1100000101010000011001010101001100101010011001111001111
 11 1100000101010000011010000110100101100101000111111111100
 11 1100000101100000011000000111100011100101001011111111100
 11 1100010001010001001011000101100100001100100101011101111
 11 1100010010010001100001110000110100101011000110101011110
 11 1100010100100000110000001010001111100111001111011011001
 11 1100010100100000110000001010010111001111011110011011001
 11 1100100001000010011010010100100111101001001101111101011
 11 1100101000010010100000110010100110110011100010010111111
 11 1101100000000010011000011010101011111000000110111101111
 11 1110000001001001100001010100010110001011011011110001111
 11 1110000001001100001000110010000111010101010110011101011
 11 1110000100001100010010101010101101001011100110111111100
 11 1110010000010100001001000110101000110101000101101111111
 11 1110010000100001010000001010101100110011111000011110011
 12 000000001110000000111000011110010101010110011001101010110110111000
 12 000000001110000010110000010101000011110101101011011100110000001000
 12 000000001110000011101000101110001101101010011110001000010000111000
 12 000000001110001000110001000101010000111000011000000011111111011000
 12 000000001110100001100001000111100000111000101000011111011011001000
 12 000000001110101000010001001110100011000101010010001101010011101000
 12 000000001110101000100000100111001000110001111010011001101101011000
 12 000000010110000000111000000111000001110001011001011011011101000000
 12 000000010110100101000000100111010100101001101001001101011110000100
 12 000000011010000001011000000111000011100010111011011111010001000000
 12 000000011010000001011000001110000001110011011101101100110101000000
 12 000000011010000100111001011100100100110101001100110010001011000101
 12 000000011100000001101000001011000010110000111000111001110111000000
 12 000000011100001010010000110110001010111010101001100110100001001011
 12 000000011101000001010000010001010001110100111010101010111110001000
 12 000000100110001010010000110001000011111100011100100010001100011110
 12 000000100111000010001000001010001100010101011100111001001100101100
 12 000000101100000001101000001101000101100011011100111001111001010001
 12 000000110100000010101000011100010001110101011010110110010000001100
 12 000000110100000011001000010011001111001001011000111110110100100110
 12 000000111001000010010000001001000011110110110101101100010001010101
 12 000001000110000100011001000011011000101100001000100000001111111110
 12 000001001010000010011100001011000011010011101101011100100100000100
 12 000001001010000100101000101100010011000001111010011100000011011001
 12 000001001100000010110001001101100010110010011100101110001000000011
 12 000001001100000101010100010011000011101101001110100000010111101001
 12 000001001100001001001000010111001110011101010100100000001101010011
 12 000001010010001010100000011101001001111011011101010001100011100001
 12 000001010010011000001010100001011000010001010001100100000111110111
 12 000001011000000011100000110101010011010101011010011000100001000101
 12 000001011000101000100001100100000010110010111010010100011000011111
 12 000001100100000110001000101010000101100011011100111001001000101010
 12 000001100100000110010000001101000011010101011010111010010101010101
 12 000001101000001000011000011011010011010100111110000000100011111010
 12 000001101000011000010011000001000011110011000100100000110011111110
 12 000001110011000110001001100001110000111010010000100000100100111110
 12 000010000110110000100000001111001010010010011110100010010110011110
 12 000010001010000100101001100100000101110010111001010010101001001001
 12 000010010010000001111100001011000100110111010110100000110100100010
 12 000010010100001001001100010100000010110101011010100001110011100110
 12 000010101000000011101001010011001011100100111100001010001010100001
 12 000011100000000010111000101110010011011100011000100000011011011100
 12 000100000110001000011001000110100010100010100101000110110111101010
 12 000100000110001000011011000010000011110010100100100110011001011110
 12 000100000110010100010100100010000110010010100001111011001011001110
 12 000100001010010000011010000011010001111000000000110111011011011100
 12 000100100010010001001000101001010100010000110101100100101010100111
 12 000101000100001010001011010000111000000000001000010011011110111110
 12 000101010000010010010010010001101001000000000001111100111100011110
 12 000101010011001100001001000011001100111001010000100001000111110010
 12 000110010000011000001010100001011000010000010000100110000111111111
 12 001000000110110000001011000001000011000000110111000101100011111010
 12 001000001100100001010100100100000000010001111011011110010110000011
 12 001000010010110000001110100000000001000010010001111010111101000111
 12 001000011000000001111001001101000100110111001100101100100001010100
 12 001010001000000101101001100110101010001010001000010000011111011100
 12 001011000000101010000000101011000011001010101000010011101101010011
 12 001100000100010010110100001110010010000100001100101000111111101000
 12 001100001000000010111000001111001000111000011001101101100011011000
 12 001100100011100001001010001001001000101000100101100010100111001111
 12 001100100101010000011100000011010001000101000100101010011110101101
 12 010000000111010000010000001100000110110010101110110100110000111010
 12 010000010010100001001000010010000101000010110100111111100001110011
 12 010000010010100001001000010100100000100011100101011001110011100111
 12 010000010011001001000000010010101010101000101100100000111111100011
 12 010000011000100001100001010001101000011000101001001101101010010101
 12 010000101001000010100000001001100011100001101110011100110000001101
 12 010000110000000010111000100110011110001100011001001001000011011110
 12 010000110001000000111000000110100001110010101111001100110000111000
 12 010001001000100100010000011000000110001001011010101110010010100111
 12 010010001001001000001000011000000101110101110100010011001011001011
 12 010100000100101000001000001101000011101000101000110101110111011001
 12 010101000010101010001100000101000010011010100101000010110111110101
 12 010101010000101010100001001010100001101000001000001100110011011110
 12 010110000011000101001110000000000101011000010100100010100111110011
 12 011000001000000110001000100011000100110011101101101000100010111010
 12 011001000001010010000000001100000100110100011111100001011010101101
 12 011110000001100110000100000010000000010010101101010010010110111111
 12 100000001010000101010000011101010001110110011010011101000000111000
 12 100000001011000000010000011100100010110000111111100101010010011001
 12 100000001110000000111100010110000011101001101010101110110011011001
 12 100000010010001000100100000111000011010011011101010101010011000111
 12 100000010100000000101010011010011010100010101100011101000001101100
 12 100000010100101000000000010111000101010101011111000000110100101100
 12 100000011001100000000000010110001000110011101101011001101001000011
 12 100000011100000001110100001101000011011001011001011101110111000111
 12 100000101000001000001001110000001101011001110000010010111001110011
 12 100010010010000101001001111000101001011000011000010001001110001111
 12 100100010000000100001001100001001010111000011010100100000110111110
 12 101000100011100100000000010101000000111100011010011011000100111100
 12 101001000011100000001001001001010100001100011000010011000111110110
 12 110000001000100001000000100011001101000101011011101000101001000111
 12 110000010000100000100000110001110000100100101010110010011010110011
 12 110000100000000100110100001001001011001110001100011000001011110110
 12 110000100010000110001101001000010000110110101100010001000010111110
 12 110010001000101000010000101001100001010011010001010011011110000011
 12 110110000000111000000000001110001100101000001000001100110011111110
 13 000000000111000000001110000100101000010011000100110100101110001010001000110000
 13 000000000111000001001100000100110000010101000010110001011010101110001000000000
 13 000000000111000010001100001000101000010101010100010010111100000010111000011000
 13 000000001011011100000000001000111000010101000110101100010000101011101001000000
 13 000000001101000000010110000001011000001101000011101000110110001100110101000000
 13 000000001110000000010110000000111000001101001101011011001010110110100000000000
 13 000000001110000000010110001001010001001001010001101000011000000111010111000010
 13 000000001110100000010100000000101001001100010010101010100000001101110011001000
 13 000000010011000100001010010010001000110010111000000000010001011001010100111000
 13 000000011010000000101100000010101000011001000111000001101100111010110000000001
 13 000000100011000001001100101000100101001000000100100010111100001010001100011010
 13 000000101001000010010010011000100011000001000011110010010100000101000011110011
 13 000000101001001001001000100101000101000100000000010001111010011100000011110011
 13 000001000011000001000110000100011001000011011000101100001000000000001111111110
 13 000001000011000010000110010100001011000001111000000000010000000001101111111010
 13 000001000101000001001010000100011001000011011000101100001000000000001111111100
 13 000001000101000010001010000100011000100011011000101100001000000000001111111100
 13 000001000101001010001000101000001100010100000000100001111001000101110011011000
 13 000001000110000001001100000100011000100011010000111000011001000100001101101010
 13 000001100001000010100010000101001000011001000001110000111001010101000100010000
 13 000010000011000010000110011000010001010001100100010000100001000011111100011110
 13 000010000110000100011001100000001000001110010001101000001000011111011011000000
 13 000010100001000010100010011001001001100101100100110000010000100101000010111000
 13 000100000101000000011010100001001101000100000000101000111000011111101011000000
 13 000100001001000000111000101000001101100000000000100001111010100110100001000111
 13 000100001100000000111000100011000100100100000000010101101010111000110010010001
 13 000100001100000100011000110000100110001000000000010000010110011100111100001101
 13 000101000010000010010100001001001110010000000001011000011000000011111101000100
 13 000110000010001010000100001010010010100010000001010000101000101110011001101001
 13 000110001000001100001000011001000100101000000000100000001010110101010011110011
 13 000110010000001010100000010110000001110000000001010001001000110010100001111111
 13 001000000011000100001100000100110001000100101001000001001011010110000011001010
 13 001000000101000000011100000001101001000010010010101001100000001101111011000001
 13 010000000011000001000110001000100000100110011000101100100000001000001111111010
 13 010000000011000100001100000001100010001100100100100000001011110110110001000010
 13 010000010010010000100100000000101000001001000011100001101100111010111101000000
 13 010001000001010001000010010100000101000000000001110011001001010101001001001111
 13 110000010001010000010010100000101001000011100000110101001100101100011100010100
 13 110010001000100010001001100000000000010101001010101010001100010100100001011111
 13 111100000000000110000100001100001010010001001100100000101001010001011010011110
 14 0000000000111000000001110000000101010000001101000001011001101000110001101001000100010000000
 14 0000000000111000000100110000001001010000001110000001101000010110110001110001000001010000000
 14 0000001010001000001000101000001100010000100101001001010010010100110100000000000100010101000
 14 0001000000011000000001011000000001111000001001000010000000011100011010010101101010000000000
 14 0001100100000001100000100000110010000011010000000001001000100100000101100010010010101010100
 14 1100000000001000001000010000000100100011000010000010101111000000000101001000101011000110001
