78
78 0 1 2 3 4 5 6 7 8 9 10 11 12 13 14 15 16 17 18 19 20 21 22 23 24 25 26 27 28 29 30 31 32 33 34 35 36 37 38 39 40 41 42 43 44 45 46 47 48 49 50 51 52 53 54 55 56 57 58 59 60 61 62 63 64 65 66 67 68 69 70 71 72 73 74 75 76 77 
78 15 45 72 73 78 79 80 81 82 83 84 85 86 87 88 89 90 91 92 93 94 95 96 97 98 99 100 101 102 103 104 105 106 107 108 109 110 111 112 113 114 115 116 117 118 119 120 121 122 123 124 125 126 127 128 129 130 131 132 133 134 135 136 137 138 139 140 141 142 143 144 145 146 147 148 149 150 151 
78 0 1 2 3 4 5 6 7 8 9 10 11 12 13 14 15 16 17 18 19 20 21 22 23 24 25 26 28 29 31 32 35 36 38 41 42 44 47 48 50 51 52 54 56 58 61 63 64 66 68 71 73 75 76 152 153 154 155 156 157 158 159 160 161 162 163 164 165 166 167 168 169 170 171 172 173 174 175 
78 15 73 79 81 82 84 86 87 90 91 93 95 97 99 100 101 102 104 105 106 107 108 109 110 111 112 113 114 115 116 117 118 119 120 121 122 123 124 125 126 127 128 129 130 133 135 137 139 141 143 144 146 149 151 153 164 176 177 178 179 180 181 182 183 184 185 186 187 188 189 190 191 192 193 194 195 196 197 
78 0 1 2 3 4 5 6 7 8 9 10 11 12 13 14 28 32 36 38 42 47 50 51 54 56 61 64 66 71 76 152 153 154 155 156 157 158 159 160 161 162 163 164 165 166 167 168 169 170 171 172 173 174 175 198 199 200 201 202 203 204 205 206 207 208 209 210 211 212 213 214 215 216 217 218 219 220 221 
78 81 84 87 91 95 97 99 101 104 105 106 107 108 109 110 111 112 113 114 115 116 117 118 130 133 137 141 143 144 151 153 164 176 177 178 179 180 181 182 183 184 185 186 187 188 189 190 191 192 193 194 195 196 197 201 221 222 223 224 225 226 227 228 229 230 231 232 233 234 235 236 237 238 239 240 241 242 243 
78 7 8 9 10 11 12 13 14 32 38 42 50 56 64 66 76 157 158 159 160 161 162 163 166 167 168 171 172 173 174 198 199 200 201 202 203 204 205 206 207 208 209 210 211 212 213 214 215 216 217 218 219 220 221 244 245 246 247 248 249 250 251 252 253 254 255 256 257 258 259 260 261 262 263 264 265 266 267 
78 84 91 95 99 111 112 113 114 115 116 117 118 133 137 144 151 180 181 182 183 184 185 186 187 190 191 192 194 195 196 201 221 222 223 224 225 226 227 228 229 230 231 232 233 234 235 236 237 238 239 240 241 242 243 246 267 268 269 270 271 272 273 274 275 276 277 278 279 280 281 282 283 284 285 286 287 288 289 
78 7 8 9 10 38 42 56 66 157 158 159 160 166 168 172 174 199 200 203 205 206 208 209 210 211 212 213 214 215 216 244 245 246 247 248 249 250 251 252 253 254 255 256 257 258 259 260 261 262 263 264 265 266 267 290 291 292 293 294 295 296 297 298 299 300 301 302 303 304 305 306 307 308 309 310 311 312 313 
78 91 95 111 112 113 114 133 144 180 181 182 183 187 190 192 195 222 224 225 227 228 231 232 233 234 235 236 237 238 239 246 267 268 269 270 271 272 273 274 275 276 277 278 279 280 281 282 283 284 285 286 287 288 289 295 303 314 315 316 317 318 319 320 321 322 323 324 325 326 327 328 329 330 331 332 333 334 335 
78 9 10 38 39 66 67 159 160 168 174 199 203 206 208 213 214 215 216 249 250 251 252 253 254 255 256 258 259 261 262 263 266 290 291 292 293 294 295 296 297 298 299 300 301 302 303 304 305 306 307 308 309 310 311 312 313 336 337 338 339 340 341 342 343 344 345 346 347 348 349 350 351 352 353 354 355 356 357 
78 91 92 113 114 144 145 182 183 190 192 224 225 228 232 236 237 238 239 272 273 274 275 276 277 278 279 281 283 284 286 287 289 295 303 314 315 316 317 318 319 320 321 322 323 324 325 326 327 328 329 330 331 332 333 334 335 338 350 358 359 360 361 362 363 364 365 366 367 368 369 370 371 372 373 374 375 376 377 
78 10 19 38 39 40 41 62 67 160 168 199 208 215 216 252 253 254 255 256 259 263 266 290 292 293 297 298 299 301 307 308 309 310 311 312 313 336 337 338 339 340 341 342 343 344 345 346 347 348 349 350 351 352 353 354 355 356 357 378 379 380 381 382 383 384 385 386 387 388 389 390 391 392 393 394 395 396 397 
78 89 90 91 92 113 122 138 145 182 190 224 228 236 237 272 273 274 275 279 284 286 287 314 316 317 319 320 322 324 325 326 327 328 329 330 331 338 350 358 359 360 361 362 363 364 365 366 367 368 369 370 371 372 373 374 375 376 377 385 397 398 399 400 401 402 403 404 405 406 407 408 409 410 411 412 413 414 415 
78 0 10 19 21 34 35 36 37 38 39 40 41 55 62 67 74 199 216 254 255 256 263 290 293 298 301 310 311 312 313 337 339 341 342 344 346 352 353 354 355 356 357 378 379 380 381 382 383 384 385 386 387 388 389 390 391 392 393 394 395 396 397 416 417 418 419 420 421 422 423 424 425 426 427 428 429 430 431 
78 85 86 87 88 89 90 91 92 105 113 122 129 131 138 145 148 224 237 274 275 279 287 314 317 319 322 328 329 330 331 362 363 364 365 366 367 368 370 372 374 375 377 385 397 398 399 400 401 402 403 404 405 406 407 408 409 410 411 412 413 414 415 421 431 432 433 434 435 436 437 438 439 440 441 442 443 444 445 
78 0 3 10 13 16 19 21 24 27 28 29 30 31 32 33 34 35 36 37 38 39 40 41 55 59 62 65 67 70 74 254 263 290 301 310 311 339 341 344 352 353 354 379 380 382 384 386 388 389 390 391 392 416 417 418 419 420 421 422 423 424 425 426 427 428 429 430 431 446 447 448 449 450 451 452 453 454 455 
78 78 79 80 81 82 83 84 85 86 87 88 89 90 91 92 105 109 113 118 120 122 126 129 131 134 136 138 142 145 148 274 287 317 322 328 329 362 363 364 370 372 377 399 400 402 404 406 407 408 409 410 411 421 431 432 433 434 435 436 437 438 439 440 441 442 443 444 445 447 453 456 457 458 459 460 461 462 463 
78 0 2 3 6 7 10 12 13 16 18 19 21 23 24 26 27 28 29 30 31 32 33 34 35 36 37 38 39 40 41 42 43 44 45 46 47 48 49 50 51 52 53 55 57 59 60 62 65 67 69 70 72 74 77 290 310 344 352 380 384 388 389 416 417 418 425 426 429 446 447 448 449 450 451 452 453 454 455 
78 45 72 78 79 80 81 82 83 84 85 86 87 88 89 90 91 92 93 94 95 96 97 98 99 100 101 102 103 105 106 107 109 111 113 116 118 120 122 123 125 126 127 129 131 132 134 136 138 140 142 145 147 148 150 317 328 362 377 400 406 407 408 432 433 434 439 441 443 447 453 456 457 458 459 460 461 462 463 
72 1 4 5 8 9 11 14 15 17 20 22 25 27 30 33 34 37 39 40 43 45 46 49 53 54 55 56 57 58 59 60 61 62 63 64 65 66 67 68 69 70 71 72 73 74 75 76 77 85 98 115 128 148 149 150 151 276 281 296 302 336 347 365 368 464 465 466 467 468 469 470 471 
72 4 9 11 15 22 25 27 34 39 45 49 53 66 67 68 69 70 71 72 73 74 75 76 77 80 85 92 98 103 110 114 115 124 128 142 143 144 145 146 147 148 149 150 151 249 258 276 281 296 302 321 332 336 337 347 355 358 365 368 369 464 465 466 467 468 469 470 471 472 473 474 475 
72 11 15 22 34 45 49 72 73 74 75 76 77 78 80 83 85 88 89 92 94 96 98 103 104 108 110 112 114 115 117 119 121 124 128 130 131 132 133 134 135 136 137 138 139 140 141 142 143 144 145 146 147 148 149 150 151 249 258 321 332 337 355 358 369 464 467 470 471 472 473 474 475 
72 15 16 17 18 19 20 21 22 23 24 25 26 29 31 35 41 44 48 52 58 63 68 73 75 79 119 120 135 152 153 154 155 156 157 158 159 160 161 162 163 164 165 166 167 168 169 170 171 172 173 174 175 179 181 187 188 324 327 343 351 387 394 404 409 476 477 478 479 480 481 482 483 
72 15 16 17 18 19 20 29 41 48 58 63 73 79 90 100 119 120 121 122 123 135 139 153 155 156 158 160 162 164 165 166 167 168 169 178 179 181 182 185 187 188 189 190 191 299 309 324 327 343 351 360 373 386 387 391 394 403 404 409 413 476 477 478 479 480 481 482 483 484 485 486 487 
72 15 16 17 29 58 73 79 82 86 90 93 100 102 119 120 121 122 123 124 125 126 127 128 129 135 139 146 149 153 155 158 164 165 166 176 177 178 179 180 181 182 183 184 185 186 187 188 189 190 191 192 193 194 195 196 197 299 309 360 373 386 391 403 413 476 477 481 482 484 485 486 487 
72 0 1 2 3 4 5 6 28 36 47 51 54 61 71 101 106 152 153 154 155 156 164 165 169 170 175 177 193 198 199 200 201 202 203 204 205 206 207 208 209 210 211 212 213 214 215 216 217 218 219 220 221 225 226 239 241 367 375 381 395 419 428 434 443 488 489 490 491 492 493 494 495 
72 0 1 2 36 51 54 87 101 104 105 106 130 152 153 154 164 170 175 176 177 193 197 198 199 200 201 202 203 211 214 216 217 218 221 222 223 224 225 226 234 237 239 240 241 346 357 367 375 381 395 401 414 418 419 428 429 434 436 443 444 488 489 490 491 492 493 494 495 496 497 498 499 
72 2 51 81 87 97 101 104 105 106 107 108 109 110 130 141 143 153 154 164 175 176 177 178 179 188 189 193 197 201 202 203 214 218 221 222 223 224 225 226 227 228 229 230 231 232 233 234 235 236 237 238 239 240 241 242 243 346 357 401 414 418 429 436 444 490 491 493 495 496 497 498 499 
72 11 12 13 14 32 50 64 76 83 117 136 137 161 162 163 167 171 173 198 201 202 204 207 217 218 219 220 221 229 242 244 245 246 247 248 249 250 251 252 253 254 255 256 257 258 259 260 261 262 263 264 265 266 267 270 272 285 286 399 411 423 424 449 455 467 471 500 501 502 503 504 505 
72 13 14 32 33 64 65 83 84 117 118 136 137 163 173 186 194 201 204 207 219 220 221 229 230 242 243 246 247 248 250 252 254 262 263 264 265 266 267 270 271 272 274 277 285 286 287 288 289 379 392 399 411 423 424 438 440 449 455 458 463 467 471 500 501 502 503 504 505 506 507 508 509 
72 14 33 64 65 84 99 115 116 117 118 137 151 184 185 186 191 194 196 201 207 220 221 223 226 229 230 240 241 242 243 246 247 252 265 266 267 268 269 270 271 272 273 274 275 276 277 278 279 280 281 282 283 284 285 286 287 288 289 379 392 438 440 458 463 467 471 501 505 506 507 508 509 
72 7 8 42 43 56 57 93 127 157 158 166 172 180 195 200 205 209 210 211 212 244 245 246 247 248 257 260 264 265 267 268 280 290 291 292 293 294 295 296 297 298 299 300 301 302 303 304 305 306 307 308 309 310 311 312 313 314 315 330 334 432 441 446 452 477 481 510 511 512 513 514 515 
72 7 23 42 43 44 57 93 94 95 111 127 132 157 172 180 195 209 210 227 233 244 245 246 257 260 267 268 269 280 282 290 291 292 293 294 295 303 305 306 308 310 312 314 315 316 317 318 326 328 330 334 335 416 426 432 441 446 452 456 460 477 481 510 511 512 513 514 515 516 517 518 519 
72 23 44 94 95 111 112 132 133 157 172 180 181 187 195 222 227 231 233 234 235 245 246 257 267 268 269 270 271 280 282 285 288 293 294 295 303 305 312 314 315 316 317 318 319 320 321 322 323 324 325 326 327 328 329 330 331 332 333 334 335 416 426 456 460 477 481 512 514 516 517 518 519 
72 9 25 39 53 66 67 68 69 80 110 142 143 159 174 203 206 213 214 232 238 249 250 251 258 261 262 291 294 295 296 300 302 303 304 305 306 323 333 336 337 338 339 340 341 342 343 344 345 346 347 348 349 350 351 352 353 354 355 356 357 359 363 370 371 472 473 474 475 491 493 520 521 
72 4 9 25 27 39 53 66 67 68 69 70 71 80 92 103 110 114 124 142 143 144 145 146 147 206 213 232 238 249 258 276 281 295 296 300 302 303 304 321 323 332 333 336 337 338 339 340 347 348 350 353 355 358 359 363 365 368 369 370 371 465 466 468 469 472 473 474 475 491 493 520 521 
72 4 27 70 71 92 103 114 124 144 145 146 147 183 192 206 213 225 232 238 239 276 277 278 281 283 289 295 300 303 304 315 318 321 323 332 333 334 335 338 339 340 348 350 353 358 359 360 361 362 363 364 365 366 367 368 369 370 371 372 373 374 375 376 377 465 466 468 469 491 493 520 521 
72 19 20 40 41 62 63 100 123 156 160 168 169 185 191 208 215 252 253 259 266 273 284 292 297 299 307 308 309 336 338 340 343 345 347 348 349 350 351 361 376 378 379 380 381 382 383 384 385 386 387 388 389 390 391 392 393 394 395 396 397 405 406 408 412 484 485 486 487 501 505 522 523 
72 18 19 20 41 48 63 90 100 121 122 123 139 156 160 162 167 168 169 178 182 185 189 190 191 253 259 273 284 299 309 324 327 338 343 345 349 350 351 360 361 373 376 383 384 385 386 387 389 391 393 394 397 403 404 405 406 408 409 412 413 478 479 480 483 484 485 486 487 501 505 522 523 
72 18 48 89 90 121 122 138 139 162 167 178 182 189 190 228 236 253 259 272 273 284 286 316 320 324 325 326 327 338 345 349 350 358 359 360 361 369 371 373 376 383 384 385 389 393 397 398 399 400 401 402 403 404 405 406 407 408 409 410 411 412 413 414 415 478 479 480 483 501 505 522 523 
72 0 21 34 35 36 37 55 74 88 104 130 131 152 170 198 199 216 217 222 234 255 256 293 298 312 313 319 331 337 342 346 355 356 357 378 381 383 385 387 393 394 395 396 397 398 415 416 417 418 419 420 421 422 423 424 425 426 427 428 429 430 431 435 445 464 470 496 497 498 499 512 514 
72 0 1 36 37 54 55 87 88 104 105 130 131 152 170 176 197 198 199 200 211 216 217 222 223 224 234 237 240 298 313 319 331 346 357 367 375 378 381 385 395 396 397 398 401 414 415 418 419 420 421 428 429 430 431 434 435 436 443 444 445 464 470 488 489 492 494 496 497 498 499 512 514 
72 1 37 54 55 85 86 87 88 105 129 131 148 176 197 200 211 223 224 237 240 275 279 298 313 314 319 330 331 365 366 367 368 374 375 378 385 396 397 398 401 403 405 412 413 414 415 420 421 430 431 432 433 434 435 436 437 438 439 440 441 442 443 444 445 464 470 488 489 492 494 512 514 
72 3 13 16 24 27 28 29 30 31 32 33 59 65 70 82 126 186 194 204 219 248 254 263 264 277 289 301 311 339 341 353 354 364 372 379 382 386 390 391 392 419 420 421 422 423 424 427 428 430 431 437 442 446 447 448 449 450 451 452 453 454 455 459 462 476 482 506 507 508 509 520 521 
72 13 24 31 32 33 65 82 83 84 118 126 136 163 173 186 194 204 219 230 243 248 250 254 262 263 264 271 274 277 287 288 289 341 354 364 372 379 392 399 411 421 422 423 424 427 431 437 438 440 442 447 449 450 453 454 455 458 459 462 463 476 482 500 502 503 504 506 507 508 509 520 521 
72 24 31 78 79 80 81 82 83 84 109 118 120 126 134 136 142 163 173 230 243 250 262 271 274 287 288 322 329 341 354 363 364 370 372 399 402 404 409 410 411 421 422 427 431 435 436 437 438 440 442 444 445 447 450 453 454 456 457 458 459 460 461 462 463 476 482 500 502 503 504 520 521 
72 2 6 7 12 18 23 26 42 43 44 45 46 47 48 49 50 51 52 53 57 60 69 72 77 96 97 107 140 227 233 244 260 290 291 306 310 316 326 344 352 380 384 388 389 400 407 416 417 418 425 426 429 446 447 448 449 450 451 452 453 454 455 457 461 490 495 516 517 518 519 522 523 
72 6 7 23 42 43 44 45 46 47 57 60 72 93 94 95 96 97 107 111 127 132 140 209 210 227 233 244 260 269 282 290 291 292 306 308 310 316 317 318 326 328 335 380 388 400 407 416 426 432 441 446 447 448 451 452 453 456 457 460 461 490 495 510 511 513 515 516 517 518 519 522 523 
72 6 45 46 47 60 72 93 94 95 96 97 98 99 100 101 102 103 106 107 111 116 123 125 127 132 140 147 150 209 210 269 282 292 308 317 318 328 335 362 377 380 388 400 406 407 408 432 433 434 439 441 443 447 448 451 453 456 457 458 459 460 461 462 463 490 495 510 511 513 515 522 523 
78 1 5 8 14 17 20 30 33 37 40 43 46 54 55 56 57 58 59 60 61 62 63 64 65 85 98 115 128 148 149 150 151 184 196 223 240 247 265 268 275 276 279 280 281 296 297 302 307 336 347 365 368 378 396 405 412 433 438 439 440 464 465 466 467 468 469 470 471 485 486 488 494 507 508 510 513 524 525 
78 11 22 34 49 74 75 76 77 78 83 88 89 94 96 104 108 112 117 119 121 130 131 132 133 134 135 136 137 138 139 140 141 161 171 198 217 245 249 255 256 257 258 270 285 320 321 325 332 337 355 358 369 383 393 398 415 417 423 424 425 464 467 470 471 472 473 474 475 478 480 496 498 500 503 516 518 526 527 
78 21 22 23 24 25 26 31 35 44 52 68 75 78 79 119 120 134 135 152 154 157 159 161 163 170 171 172 173 174 175 179 181 187 188 231 235 271 288 294 305 322 323 324 327 329 333 342 343 351 356 387 394 404 409 422 427 435 445 456 460 472 474 476 477 478 479 480 481 482 483 497 499 500 503 517 519 526 527 
78 16 17 29 30 58 59 82 86 93 102 124 125 126 127 128 129 146 149 155 158 165 166 176 177 180 183 184 186 192 193 194 195 196 197 205 212 248 264 299 300 301 304 309 311 315 334 360 366 373 374 386 391 403 413 420 430 437 442 446 452 465 468 476 477 481 482 484 485 486 487 489 492 507 508 511 515 524 525 
78 3 4 5 6 28 47 61 71 101 102 103 106 125 147 155 156 165 169 177 193 204 205 206 207 208 209 210 212 213 215 219 220 225 226 239 241 278 283 318 335 340 348 361 362 367 375 376 377 381 382 390 395 419 428 434 443 448 451 459 462 466 469 484 487 488 489 490 491 492 493 494 495 506 509 511 515 524 525 
78 2 26 51 52 53 69 81 97 107 108 109 110 141 143 154 175 178 179 188 189 202 203 214 218 227 228 229 230 231 232 233 235 236 238 242 243 251 261 291 306 344 345 346 349 352 357 359 371 401 402 410 414 418 429 436 444 450 454 457 461 473 475 479 483 490 491 493 495 496 497 498 499 502 504 517 519 526 527 
78 11 12 49 50 76 77 83 89 96 108 117 121 136 137 138 139 140 141 161 162 167 171 198 202 217 218 229 242 244 245 249 251 253 255 256 257 258 259 260 261 270 272 285 286 320 325 358 369 383 393 398 399 411 415 417 423 424 425 449 455 467 471 473 475 478 480 496 498 500 501 502 503 504 505 516 518 526 527 
78 5 14 20 33 40 46 60 61 62 63 64 65 98 99 115 116 150 151 184 185 191 196 207 220 223 226 240 241 247 252 265 266 268 269 273 275 276 278 279 280 281 282 283 284 297 307 336 347 378 379 392 396 405 412 433 438 439 440 458 463 466 467 469 471 485 486 488 494 501 505 506 507 508 509 510 513 524 525 
78 8 17 30 43 56 57 58 59 86 93 127 128 129 149 158 166 176 180 184 195 196 197 200 205 211 212 247 248 264 265 268 280 296 297 298 299 300 301 302 304 307 309 311 313 314 315 330 334 366 374 403 413 420 430 432 437 441 442 446 452 465 468 477 481 485 486 489 492 507 508 510 511 512 513 514 515 524 525 
78 21 22 23 35 44 75 78 94 112 119 132 133 134 135 152 157 161 170 171 172 181 187 222 231 234 235 245 257 270 271 285 288 293 294 305 312 319 320 321 322 323 324 325 327 329 331 332 333 342 356 387 394 416 422 426 427 435 445 456 460 472 474 477 478 480 481 497 499 500 503 512 514 516 517 518 519 526 527 
78 25 26 52 53 68 69 80 81 109 110 142 143 154 159 174 175 179 188 203 214 230 231 232 235 238 243 250 251 261 262 291 294 305 306 323 333 341 342 343 344 345 346 349 351 352 354 356 357 359 363 370 371 402 410 436 444 450 454 457 461 472 473 474 475 479 483 491 493 497 499 502 504 517 519 520 521 526 527 
78 3 4 27 28 70 71 102 103 124 125 146 147 155 165 177 183 192 193 204 205 206 212 213 219 225 239 277 278 283 289 300 304 315 318 334 335 339 340 348 353 360 361 362 364 366 367 372 373 374 375 376 377 382 390 419 428 448 451 459 462 465 466 468 469 484 487 489 491 492 493 506 509 511 515 520 521 524 525 
78 5 20 40 46 60 61 62 63 98 99 100 116 123 150 156 169 185 191 207 208 215 220 226 241 252 266 269 273 278 282 283 284 292 297 307 308 336 340 347 348 361 376 378 379 380 381 382 388 390 392 395 396 405 406 408 412 433 439 458 463 466 469 484 485 486 487 488 494 501 505 506 509 510 513 522 523 524 525 
78 12 18 48 49 50 77 89 96 108 121 138 139 140 141 162 167 178 189 202 218 228 229 236 242 244 251 253 259 260 261 272 286 316 320 325 326 345 349 358 359 369 371 383 384 389 393 398 399 400 401 402 407 410 411 414 415 417 425 449 455 473 475 478 479 480 483 496 498 501 502 504 505 516 518 522 523 526 527 
78 21 22 34 35 74 75 78 88 94 104 112 119 130 131 132 133 134 135 152 161 170 171 198 217 222 234 245 255 256 257 270 285 293 312 319 320 321 325 331 332 337 342 355 356 383 387 393 394 398 415 416 417 422 423 424 425 426 427 435 445 464 470 472 474 478 480 496 497 498 499 500 503 512 514 516 518 526 527 
78 1 8 17 30 37 43 54 55 56 57 58 59 85 86 128 129 148 149 176 184 196 197 200 211 223 240 247 265 268 275 279 280 296 297 298 302 307 313 314 330 365 366 368 374 378 396 403 405 412 413 420 430 432 433 437 438 439 440 441 442 464 465 468 470 485 486 488 489 492 494 507 508 510 512 513 514 524 525 
78 3 16 27 28 29 30 59 70 82 102 124 125 126 146 155 165 177 183 186 192 193 194 204 205 212 219 248 264 277 289 300 301 304 311 315 334 339 353 360 364 366 372 373 374 382 386 390 391 419 420 428 430 437 442 446 448 451 452 459 462 465 468 476 482 484 487 489 492 506 507 508 509 511 515 520 521 524 525 
78 24 25 26 31 52 68 78 79 80 81 109 120 134 142 154 159 163 173 174 175 179 188 230 231 235 243 250 262 271 288 294 305 322 323 329 333 341 342 343 351 354 356 363 370 402 404 409 410 422 427 435 436 444 445 450 454 456 457 460 461 472 474 476 479 482 483 497 499 500 502 503 504 517 519 520 521 526 527 
78 2 12 18 26 48 49 50 51 52 53 69 77 96 97 107 108 140 141 178 189 202 218 227 228 229 233 236 242 244 251 260 261 291 306 316 326 344 345 349 352 359 371 384 389 400 401 402 407 410 414 417 418 425 429 449 450 454 455 457 461 473 475 479 483 490 495 496 498 502 504 516 517 518 519 522 523 526 527 
78 5 6 46 47 60 61 98 99 100 101 102 103 106 116 123 125 147 150 156 169 207 208 209 210 215 220 226 241 269 278 282 283 292 308 318 335 340 348 361 362 376 377 380 381 382 388 390 395 406 408 433 434 439 443 448 451 458 459 462 463 466 469 484 487 488 490 494 495 506 509 510 511 513 515 522 523 524 525 
