15 23
14 9 65536 65536 65536 65536 65536 65536 65536 65536 65536 65536 65536 65536 65536 65536 65536 65536 65536
8 13 65536 65536 65536 65536 65536 65536 65536 65536 65536 65536 65536 65536 65536 65536 65536 65536 65536
8 11 65536 65536 65536 65536 65536 65536 65536 65536 65536 65536 65536 65536 65536 65536 65536 65536 65536
14 10 65536 65536 65536 65536 65536 65536 65536 65536 65536 65536 65536 65536 65536 65536 65536 65536 65536
5 11 65536 65536 65536 65536 65536 65536 65536 65536 65536 65536 65536 65536 65536 65536 65536 65536 65536
4 6 65536 65536 65536 65536 65536 65536 65536 65536 65536 65536 65536 65536 65536 65536 65536 65536 65536
5 14 10 12 13 65536 65536 65536 65536 65536 65536 65536 65536 65536 65536 65536 65536 65536 65536
14 11 12 65536 65536 65536 65536 65536 65536 65536 65536 65536 65536 65536 65536 65536 65536 65536 65536
1 2 14 65536 65536 65536 65536 65536 65536 65536 65536 65536 65536 65536 65536 65536 65536 65536 65536
0 14 65536 65536 65536 65536 65536 65536 65536 65536 65536 65536 65536 65536 65536 65536 65536 65536 65536
3 6 14 65536 65536 65536 65536 65536 65536 65536 65536 65536 65536 65536 65536 65536 65536 65536 65536
2 4 7 14 65536 65536 65536 65536 65536 65536 65536 65536 65536 65536 65536 65536 65536 65536 65536
6 7 13 65536 65536 65536 65536 65536 65536 65536 65536 65536 65536 65536 65536 65536 65536 65536 65536
1 6 12 65536 65536 65536 65536 65536 65536 65536 65536 65536 65536 65536 65536 65536 65536 65536 65536
0 3 6 7 8 9 10 11 65536 65536 65536 65536 65536 65536 65536 65536 65536 65536 65536
