10 528
0 2 4 26 27 42 41 14 16 18 0
0 2 4 26 27 42 43 65 50 20 0
0 2 4 26 27 28 55 68 47 18 0
0 2 4 26 54 61 66 44 16 18 0
0 2 4 26 54 61 37 36 21 20 0
0 2 4 26 54 69 62 57 50 20 0
0 2 4 26 54 69 49 48 47 18 0
0 2 4 6 8 32 33 48 47 18 0
0 2 4 6 8 32 58 65 50 20 0
0 2 4 6 8 10 35 36 21 20 0
0 2 4 6 8 10 12 14 16 18 0
0 2 4 6 29 56 51 22 21 20 0
0 2 4 6 29 56 63 68 47 18 0
0 2 4 6 29 30 45 44 16 18 0
0 2 4 6 29 30 31 57 50 20 0
0 2 23 24 25 3 1 22 21 20 0
0 2 23 24 25 53 66 44 16 18 0
0 2 23 24 25 53 58 65 50 20 0
0 2 23 24 39 40 63 68 47 18 0
0 2 23 24 39 38 12 14 16 18 0
0 2 23 24 39 38 62 57 50 20 0
0 2 23 52 59 64 41 14 16 18 0
0 2 23 52 59 64 51 22 21 20 0
0 2 23 52 59 34 33 48 47 18 0
0 2 23 52 67 46 45 44 16 18 0
0 2 23 52 67 60 35 36 21 20 0
0 2 23 52 67 60 55 68 47 18 0
0 18 16 44 66 61 37 36 21 20 0
0 18 16 44 66 61 54 26 4 2 0
0 18 16 44 66 53 25 24 23 2 0
0 18 16 44 66 53 58 65 50 20 0
0 18 16 44 45 46 67 52 23 2 0
0 18 16 44 45 30 29 6 4 2 0
0 18 16 44 45 30 31 57 50 20 0
0 18 16 14 41 64 51 22 21 20 0
0 18 16 14 41 64 59 52 23 2 0
0 18 16 14 41 42 27 26 4 2 0
0 18 16 14 41 42 43 65 50 20 0
0 18 16 14 12 10 8 6 4 2 0
0 18 16 14 12 10 35 36 21 20 0
0 18 16 14 12 38 62 57 50 20 0
0 18 16 14 12 38 39 24 23 2 0
0 18 47 48 33 32 8 6 4 2 0
0 18 47 48 33 32 58 65 50 20 0
0 18 47 48 33 34 59 52 23 2 0
0 18 47 48 49 19 1 22 21 20 0
0 18 47 48 49 69 62 57 50 20 0
0 18 47 48 49 69 54 26 4 2 0
0 18 47 68 63 40 39 24 23 2 0
0 18 47 68 63 56 51 22 21 20 0
0 18 47 68 63 56 29 6 4 2 0
0 18 47 68 55 28 27 26 4 2 0
0 18 47 68 55 60 67 52 23 2 0
0 18 47 68 55 60 35 36 21 20 0
0 20 50 65 43 42 27 26 4 2 0
0 20 50 65 43 42 41 14 16 18 0
0 20 50 65 58 32 8 6 4 2 0
0 20 50 65 58 32 33 48 47 18 0
0 20 50 65 58 53 25 24 23 2 0
0 20 50 65 58 53 66 44 16 18 0
0 20 50 57 62 69 49 48 47 18 0
0 20 50 57 62 69 54 26 4 2 0
0 20 50 57 62 38 12 14 16 18 0
0 20 50 57 62 38 39 24 23 2 0
0 20 50 57 31 30 29 6 4 2 0
0 20 50 57 31 30 45 44 16 18 0
0 20 21 36 35 10 8 6 4 2 0
0 20 21 36 35 10 12 14 16 18 0
0 20 21 36 35 60 67 52 23 2 0
0 20 21 36 35 60 55 68 47 18 0
0 20 21 36 37 61 66 44 16 18 0
0 20 21 36 37 61 54 26 4 2 0
0 20 21 22 1 19 49 48 47 18 0
0 20 21 22 1 3 25 24 23 2 0
0 20 21 22 51 64 41 14 16 18 0
0 20 21 22 51 64 59 52 23 2 0
0 20 21 22 51 56 29 6 4 2 0
0 20 21 22 51 56 63 68 47 18 0
1 19 17 46 67 52 59 64 51 22 1
1 19 17 46 67 52 23 24 25 3 1
1 19 17 46 67 60 35 36 21 22 1
1 19 17 46 67 60 55 28 5 3 1
1 19 17 46 45 44 66 53 25 3 1
1 19 17 46 45 30 29 56 51 22 1
1 19 17 46 45 30 31 7 5 3 1
1 19 17 15 43 65 50 20 21 22 1
1 19 17 15 43 65 58 53 25 3 1
1 19 17 15 43 42 27 28 5 3 1
1 19 17 15 43 42 41 64 51 22 1
1 19 17 15 13 40 63 56 51 22 1
1 19 17 15 13 40 39 24 25 3 1
1 19 17 15 13 11 9 7 5 3 1
1 19 17 15 13 11 37 36 21 22 1
1 19 49 48 33 32 58 53 25 3 1
1 19 49 48 33 34 59 64 51 22 1
1 19 49 48 33 34 9 7 5 3 1
1 19 49 48 47 68 63 56 51 22 1
1 19 49 48 47 68 55 28 5 3 1
1 19 49 69 62 57 50 20 21 22 1
1 19 49 69 62 57 31 7 5 3 1
1 19 49 69 62 38 39 24 25 3 1
1 19 49 69 54 26 27 28 5 3 1
1 19 49 69 54 61 66 53 25 3 1
1 19 49 69 54 61 37 36 21 22 1
1 3 5 28 27 42 41 64 51 22 1
1 3 5 28 27 42 43 15 17 19 1
1 3 5 28 27 26 54 69 49 19 1
1 3 5 28 55 68 47 48 49 19 1
1 3 5 28 55 68 63 56 51 22 1
1 3 5 28 55 60 67 46 17 19 1
1 3 5 28 55 60 35 36 21 22 1
1 3 5 7 9 34 33 48 49 19 1
1 3 5 7 9 34 59 64 51 22 1
1 3 5 7 9 11 13 15 17 19 1
1 3 5 7 9 11 37 36 21 22 1
1 3 5 7 31 57 50 20 21 22 1
1 3 5 7 31 57 62 69 49 19 1
1 3 5 7 31 30 29 56 51 22 1
1 3 5 7 31 30 45 46 17 19 1
1 3 25 24 23 52 59 64 51 22 1
1 3 25 24 23 52 67 46 17 19 1
1 3 25 24 39 40 63 56 51 22 1
1 3 25 24 39 40 13 15 17 19 1
1 3 25 24 39 38 62 69 49 19 1
1 3 25 53 66 61 37 36 21 22 1
1 3 25 53 66 61 54 69 49 19 1
1 3 25 53 66 44 45 46 17 19 1
1 3 25 53 58 32 33 48 49 19 1
1 3 25 53 58 65 50 20 21 22 1
1 3 25 53 58 65 43 15 17 19 1
1 22 51 64 41 42 27 28 5 3 1
1 22 51 64 41 42 43 15 17 19 1
1 22 51 64 59 34 33 48 49 19 1
1 22 51 64 59 34 9 7 5 3 1
1 22 51 64 59 52 67 46 17 19 1
1 22 51 64 59 52 23 24 25 3 1
1 22 51 56 29 30 45 46 17 19 1
1 22 51 56 29 30 31 7 5 3 1
1 22 51 56 63 40 13 15 17 19 1
1 22 51 56 63 40 39 24 25 3 1
1 22 51 56 63 68 47 48 49 19 1
1 22 51 56 63 68 55 28 5 3 1
1 22 21 36 35 60 67 46 17 19 1
1 22 21 36 35 60 55 28 5 3 1
1 22 21 36 37 11 9 7 5 3 1
1 22 21 36 37 11 13 15 17 19 1
1 22 21 36 37 61 66 53 25 3 1
1 22 21 36 37 61 54 69 49 19 1
1 22 21 20 50 65 43 15 17 19 1
1 22 21 20 50 65 58 53 25 3 1
1 22 21 20 50 57 62 69 49 19 1
1 22 21 20 50 57 31 7 5 3 1
2 4 26 27 42 41 64 59 52 23 2
2 4 26 27 28 5 3 25 24 23 2
2 4 26 27 28 55 60 67 52 23 2
2 4 26 54 61 66 53 25 24 23 2
2 4 26 54 69 62 38 39 24 23 2
2 4 6 8 32 33 34 59 52 23 2
2 4 6 8 32 58 53 25 24 23 2
2 4 6 8 10 35 60 67 52 23 2
2 4 6 8 10 12 38 39 24 23 2
2 4 6 29 56 51 64 59 52 23 2
2 4 6 29 56 63 40 39 24 23 2
2 4 6 29 30 45 46 67 52 23 2
2 23 24 25 3 5 28 27 26 4 2
2 23 24 25 53 66 61 54 26 4 2
2 23 24 25 53 58 32 8 6 4 2
2 23 24 39 40 63 56 29 6 4 2
2 23 24 39 38 12 10 8 6 4 2
2 23 24 39 38 62 69 54 26 4 2
2 23 52 59 64 41 42 27 26 4 2
2 23 52 59 64 51 56 29 6 4 2
2 23 52 59 34 33 32 8 6 4 2
2 23 52 67 46 45 30 29 6 4 2
2 23 52 67 60 35 10 8 6 4 2
2 23 52 67 60 55 28 27 26 4 2
3 5 28 27 42 43 65 58 53 25 3
3 5 28 27 26 54 61 66 53 25 3
3 5 28 55 68 63 40 39 24 25 3
3 5 28 55 60 67 52 23 24 25 3
3 5 7 9 34 33 32 58 53 25 3
3 5 7 9 34 59 52 23 24 25 3
3 5 7 9 11 13 40 39 24 25 3
3 5 7 9 11 37 61 66 53 25 3
3 5 7 31 57 50 65 58 53 25 3
3 5 7 31 57 62 38 39 24 25 3
3 5 7 31 30 45 44 66 53 25 3
3 25 24 23 52 59 34 9 7 5 3
3 25 24 23 52 67 60 55 28 5 3
3 25 24 39 40 63 68 55 28 5 3
3 25 24 39 40 13 11 9 7 5 3
3 25 24 39 38 62 57 31 7 5 3
3 25 53 66 61 37 11 9 7 5 3
3 25 53 66 61 54 26 27 28 5 3
3 25 53 66 44 45 30 31 7 5 3
3 25 53 58 32 33 34 9 7 5 3
3 25 53 58 65 50 57 31 7 5 3
3 25 53 58 65 43 42 27 28 5 3
4 26 27 42 41 64 51 56 29 6 4
4 26 27 42 41 14 12 10 8 6 4
4 26 27 42 43 65 58 32 8 6 4
4 26 27 28 5 7 31 30 29 6 4
4 26 27 28 55 68 63 56 29 6 4
4 26 27 28 55 60 35 10 8 6 4
4 26 54 61 66 44 45 30 29 6 4
4 26 54 61 66 53 58 32 8 6 4
4 26 54 61 37 36 35 10 8 6 4
4 26 54 69 62 57 31 30 29 6 4
4 26 54 69 62 38 12 10 8 6 4
4 26 54 69 49 48 33 32 8 6 4
4 6 8 32 33 48 49 69 54 26 4
4 6 8 32 58 65 43 42 27 26 4
4 6 8 32 58 53 66 61 54 26 4
4 6 8 10 35 36 37 61 54 26 4
4 6 8 10 35 60 55 28 27 26 4
4 6 8 10 12 38 62 69 54 26 4
4 6 8 10 12 14 41 42 27 26 4
4 6 29 56 51 64 41 42 27 26 4
4 6 29 56 63 68 55 28 27 26 4
4 6 29 30 45 44 66 61 54 26 4
4 6 29 30 31 57 62 69 54 26 4
4 6 29 30 31 7 5 28 27 26 4
5 28 27 42 41 64 59 34 9 7 5
5 28 27 42 43 65 50 57 31 7 5
5 28 27 42 43 15 13 11 9 7 5
5 28 27 26 54 61 37 11 9 7 5
5 28 27 26 54 69 62 57 31 7 5
5 28 55 68 47 48 33 34 9 7 5
5 28 55 68 63 40 13 11 9 7 5
5 28 55 68 63 56 29 30 31 7 5
5 28 55 60 67 46 45 30 31 7 5
5 28 55 60 67 52 59 34 9 7 5
5 28 55 60 35 36 37 11 9 7 5
5 7 9 34 33 48 47 68 55 28 5
5 7 9 34 59 64 41 42 27 28 5
5 7 9 34 59 52 67 60 55 28 5
5 7 9 11 13 40 63 68 55 28 5
5 7 9 11 13 15 43 42 27 28 5
5 7 9 11 37 36 35 60 55 28 5
5 7 9 11 37 61 54 26 27 28 5
5 7 31 57 50 65 43 42 27 28 5
5 7 31 57 62 69 54 26 27 28 5
5 7 31 30 29 56 63 68 55 28 5
5 7 31 30 45 46 67 60 55 28 5
6 8 32 33 48 47 68 63 56 29 6
6 8 32 33 34 59 64 51 56 29 6
6 8 32 33 34 9 7 31 30 29 6
6 8 32 58 65 50 57 31 30 29 6
6 8 32 58 53 66 44 45 30 29 6
6 8 10 35 36 21 22 51 56 29 6
6 8 10 35 60 67 46 45 30 29 6
6 8 10 35 60 55 68 63 56 29 6
6 8 10 12 38 62 57 31 30 29 6
6 8 10 12 38 39 40 63 56 29 6
6 8 10 12 14 16 44 45 30 29 6
6 8 10 12 14 41 64 51 56 29 6
6 29 56 51 64 41 14 12 10 8 6
6 29 56 51 64 59 34 33 32 8 6
6 29 56 51 22 21 36 35 10 8 6
6 29 56 63 40 39 38 12 10 8 6
6 29 56 63 68 47 48 33 32 8 6
6 29 56 63 68 55 60 35 10 8 6
6 29 30 45 46 67 60 35 10 8 6
6 29 30 45 44 16 14 12 10 8 6
6 29 30 45 44 66 53 58 32 8 6
6 29 30 31 57 50 65 58 32 8 6
6 29 30 31 57 62 38 12 10 8 6
6 29 30 31 7 9 34 33 32 8 6
7 9 34 33 32 58 65 50 57 31 7
7 9 34 33 48 49 69 62 57 31 7
7 9 34 59 64 51 56 29 30 31 7
7 9 34 59 52 67 46 45 30 31 7
7 9 11 13 40 63 56 29 30 31 7
7 9 11 13 40 39 38 62 57 31 7
7 9 11 13 15 17 46 45 30 31 7
7 9 11 13 15 43 65 50 57 31 7
7 9 11 37 36 21 20 50 57 31 7
7 9 11 37 61 66 44 45 30 31 7
7 9 11 37 61 54 69 62 57 31 7
7 31 57 50 65 43 15 13 11 9 7
7 31 57 50 65 58 32 33 34 9 7
7 31 57 50 20 21 36 37 11 9 7
7 31 57 62 69 49 48 33 34 9 7
7 31 57 62 69 54 61 37 11 9 7
7 31 57 62 38 39 40 13 11 9 7
7 31 30 29 56 51 64 59 34 9 7
7 31 30 29 56 63 40 13 11 9 7
7 31 30 45 46 17 15 13 11 9 7
7 31 30 45 46 67 52 59 34 9 7
7 31 30 45 44 66 61 37 11 9 7
8 32 33 48 47 18 16 14 12 10 8
8 32 33 48 47 68 55 60 35 10 8
8 32 33 48 49 69 62 38 12 10 8
8 32 33 34 59 64 41 14 12 10 8
8 32 33 34 59 52 67 60 35 10 8
8 32 33 34 9 11 37 36 35 10 8
8 32 58 65 50 20 21 36 35 10 8
8 32 58 65 50 57 62 38 12 10 8
8 32 58 65 43 42 41 14 12 10 8
8 32 58 53 25 24 39 38 12 10 8
8 32 58 53 66 61 37 36 35 10 8
8 32 58 53 66 44 16 14 12 10 8
8 10 35 36 21 20 50 65 58 32 8
8 10 35 36 37 11 9 34 33 32 8
8 10 35 36 37 61 66 53 58 32 8
8 10 35 60 67 52 59 34 33 32 8
8 10 35 60 55 68 47 48 33 32 8
8 10 12 38 62 57 50 65 58 32 8
8 10 12 38 62 69 49 48 33 32 8
8 10 12 38 39 24 25 53 58 32 8
8 10 12 14 16 18 47 48 33 32 8
8 10 12 14 16 44 66 53 58 32 8
8 10 12 14 41 64 59 34 33 32 8
8 10 12 14 41 42 43 65 58 32 8
9 34 33 32 58 65 43 15 13 11 9
9 34 33 32 58 53 66 61 37 11 9
9 34 33 48 47 68 63 40 13 11 9
9 34 33 48 49 19 17 15 13 11 9
9 34 33 48 49 69 54 61 37 11 9
9 34 59 64 41 42 43 15 13 11 9
9 34 59 64 51 56 63 40 13 11 9
9 34 59 64 51 22 21 36 37 11 9
9 34 59 52 67 46 17 15 13 11 9
9 34 59 52 67 60 35 36 37 11 9
9 34 59 52 23 24 39 40 13 11 9
9 11 13 40 63 56 51 64 59 34 9
9 11 13 40 63 68 47 48 33 34 9
9 11 13 40 39 24 23 52 59 34 9
9 11 13 15 17 19 49 48 33 34 9
9 11 13 15 17 46 67 52 59 34 9
9 11 13 15 43 65 58 32 33 34 9
9 11 13 15 43 42 41 64 59 34 9
9 11 37 36 21 22 51 64 59 34 9
9 11 37 36 35 60 67 52 59 34 9
9 11 37 61 66 53 58 32 33 34 9
9 11 37 61 54 69 49 48 33 34 9
10 35 36 21 20 50 57 62 38 12 10
10 35 36 21 22 51 64 41 14 12 10
10 35 36 37 11 13 40 39 38 12 10
10 35 36 37 61 66 44 16 14 12 10
10 35 36 37 61 54 69 62 38 12 10
10 35 60 67 46 45 44 16 14 12 10
10 35 60 67 52 59 64 41 14 12 10
10 35 60 67 52 23 24 39 38 12 10
10 35 60 55 68 47 18 16 14 12 10
10 35 60 55 68 63 40 39 38 12 10
10 35 60 55 28 27 42 41 14 12 10
10 12 38 62 57 50 20 21 36 35 10
10 12 38 62 69 54 61 37 36 35 10
10 12 38 39 40 63 68 55 60 35 10
10 12 38 39 40 13 11 37 36 35 10
10 12 38 39 24 23 52 67 60 35 10
10 12 14 16 18 47 68 55 60 35 10
10 12 14 16 44 66 61 37 36 35 10
10 12 14 16 44 45 46 67 60 35 10
10 12 14 41 64 51 22 21 36 35 10
10 12 14 41 64 59 52 67 60 35 10
10 12 14 41 42 27 28 55 60 35 10
11 13 40 63 56 51 22 21 36 37 11
11 13 40 63 68 55 60 35 36 37 11
11 13 40 39 24 25 53 66 61 37 11
11 13 40 39 38 62 69 54 61 37 11
11 13 15 17 19 49 69 54 61 37 11
11 13 15 17 46 67 60 35 36 37 11
11 13 15 17 46 45 44 66 61 37 11
11 13 15 43 65 50 20 21 36 37 11
11 13 15 43 65 58 53 66 61 37 11
11 13 15 43 42 27 26 54 61 37 11
11 37 36 21 20 50 65 43 15 13 11
11 37 36 21 22 51 56 63 40 13 11
11 37 36 35 60 67 46 17 15 13 11
11 37 36 35 60 55 68 63 40 13 11
11 37 61 66 44 45 46 17 15 13 11
11 37 61 66 53 25 24 39 40 13 11
11 37 61 66 53 58 65 43 15 13 11
11 37 61 54 26 27 42 43 15 13 11
11 37 61 54 69 62 38 39 40 13 11
11 37 61 54 69 49 19 17 15 13 11
12 38 62 57 50 65 43 42 41 14 12
12 38 62 57 31 30 45 44 16 14 12
12 38 62 69 49 48 47 18 16 14 12
12 38 62 69 54 26 27 42 41 14 12
12 38 62 69 54 61 66 44 16 14 12
12 38 39 40 63 56 51 64 41 14 12
12 38 39 40 63 68 47 18 16 14 12
12 38 39 40 13 15 43 42 41 14 12
12 38 39 24 25 53 66 44 16 14 12
12 38 39 24 23 52 59 64 41 14 12
12 14 16 18 47 48 49 69 62 38 12
12 14 16 18 47 68 63 40 39 38 12
12 14 16 44 66 61 54 69 62 38 12
12 14 16 44 66 53 25 24 39 38 12
12 14 16 44 45 30 31 57 62 38 12
12 14 41 64 51 56 63 40 39 38 12
12 14 41 64 59 52 23 24 39 38 12
12 14 41 42 27 26 54 69 62 38 12
12 14 41 42 43 65 50 57 62 38 12
12 14 41 42 43 15 13 40 39 38 12
13 40 63 56 51 64 41 42 43 15 13
13 40 63 56 29 30 45 46 17 15 13
13 40 63 68 47 48 49 19 17 15 13
13 40 63 68 55 28 27 42 43 15 13
13 40 63 68 55 60 67 46 17 15 13
13 40 39 24 25 53 58 65 43 15 13
13 40 39 24 23 52 67 46 17 15 13
13 40 39 38 62 57 50 65 43 15 13
13 40 39 38 62 69 49 19 17 15 13
13 15 17 19 49 48 47 68 63 40 13
13 15 17 19 49 69 62 38 39 40 13
13 15 17 46 67 52 23 24 39 40 13
13 15 17 46 67 60 55 68 63 40 13
13 15 17 46 45 30 29 56 63 40 13
13 15 43 65 50 57 62 38 39 40 13
13 15 43 65 58 53 25 24 39 40 13
13 15 43 42 27 28 55 68 63 40 13
13 15 43 42 41 64 51 56 63 40 13
14 16 18 47 48 33 34 59 64 41 14
14 16 18 47 68 63 56 51 64 41 14
14 16 18 47 68 55 28 27 42 41 14
14 16 44 66 61 54 26 27 42 41 14
14 16 44 66 53 58 65 43 42 41 14
14 16 44 45 46 17 15 43 42 41 14
14 16 44 45 46 67 52 59 64 41 14
14 16 44 45 30 29 56 51 64 41 14
14 41 64 51 56 29 30 45 44 16 14
14 41 64 51 56 63 68 47 18 16 14
14 41 64 59 34 33 48 47 18 16 14
14 41 64 59 52 67 46 45 44 16 14
14 41 42 27 26 54 61 66 44 16 14
14 41 42 27 28 55 68 47 18 16 14
14 41 42 43 65 58 53 66 44 16 14
14 41 42 43 15 17 46 45 44 16 14
15 17 19 49 48 33 32 58 65 43 15
15 17 19 49 69 62 57 50 65 43 15
15 17 19 49 69 54 26 27 42 43 15
15 17 46 67 52 59 64 41 42 43 15
15 17 46 67 60 55 28 27 42 43 15
15 17 46 45 44 66 53 58 65 43 15
15 17 46 45 30 31 57 50 65 43 15
15 43 65 50 57 62 69 49 19 17 15
15 43 65 50 57 31 30 45 46 17 15
15 43 65 58 32 33 48 49 19 17 15
15 43 65 58 53 66 44 45 46 17 15
15 43 42 27 26 54 69 49 19 17 15
15 43 42 27 28 55 60 67 46 17 15
15 43 42 41 64 59 52 67 46 17 15
16 18 47 48 33 32 58 53 66 44 16
16 18 47 48 49 19 17 46 45 44 16
16 18 47 48 49 69 54 61 66 44 16
16 18 47 68 63 56 29 30 45 44 16
16 18 47 68 55 60 67 46 45 44 16
16 44 66 61 54 69 49 48 47 18 16
16 44 66 53 58 32 33 48 47 18 16
16 44 45 46 17 19 49 48 47 18 16
16 44 45 46 67 60 55 68 47 18 16
16 44 45 30 29 56 63 68 47 18 16
17 19 49 48 33 34 59 52 67 46 17
17 19 49 48 47 68 55 60 67 46 17
17 19 49 69 62 57 31 30 45 46 17
17 19 49 69 54 61 66 44 45 46 17
17 46 67 52 59 34 33 48 49 19 17
17 46 67 60 55 68 47 48 49 19 17
17 46 45 44 66 61 54 69 49 19 17
17 46 45 30 31 57 62 69 49 19 17
20 50 65 43 42 41 64 51 22 21 20
20 50 65 58 53 66 61 37 36 21 20
20 50 57 62 69 54 61 37 36 21 20
20 50 57 31 30 29 56 51 22 21 20
20 21 36 37 61 66 53 58 65 50 20
20 21 36 37 61 54 69 62 57 50 20
20 21 22 51 64 41 42 43 65 50 20
20 21 22 51 56 29 30 31 57 50 20
21 36 35 60 67 52 59 64 51 22 21
21 36 35 60 55 68 63 56 51 22 21
21 22 51 64 59 52 67 60 35 36 21
21 22 51 56 63 68 55 60 35 36 21
23 24 25 53 66 44 45 46 67 52 23
23 24 25 53 58 32 33 34 59 52 23
23 24 39 40 63 56 51 64 59 52 23
23 24 39 40 63 68 55 60 67 52 23
23 52 59 64 51 56 63 40 39 24 23
23 52 59 34 33 32 58 53 25 24 23
23 52 67 46 45 44 66 53 25 24 23
23 52 67 60 55 68 63 40 39 24 23
24 25 53 66 61 54 69 62 38 39 24
24 25 53 58 65 50 57 62 38 39 24
24 39 38 62 57 50 65 58 53 25 24
24 39 38 62 69 54 61 66 53 25 24
26 27 42 43 65 50 57 62 69 54 26
26 27 42 43 65 58 53 66 61 54 26
26 27 28 55 68 47 48 49 69 54 26
26 27 28 55 60 35 36 37 61 54 26
26 54 61 66 53 58 65 43 42 27 26
26 54 61 37 36 35 60 55 28 27 26
26 54 69 62 57 50 65 43 42 27 26
26 54 69 49 48 47 68 55 28 27 26
27 42 41 64 51 56 63 68 55 28 27
27 42 41 64 59 52 67 60 55 28 27
27 28 55 68 63 56 51 64 41 42 27
27 28 55 60 67 52 59 64 41 42 27
29 56 51 64 59 52 67 46 45 30 29
29 56 63 40 39 38 62 57 31 30 29
29 56 63 68 55 60 67 46 45 30 29
29 30 45 46 67 52 59 64 51 56 29
29 30 45 46 67 60 55 68 63 56 29
29 30 31 57 62 38 39 40 63 56 29
30 45 44 66 61 54 69 62 57 31 30
30 45 44 66 53 58 65 50 57 31 30
30 31 57 50 65 58 53 66 44 45 30
30 31 57 62 69 54 61 66 44 45 30
32 33 48 49 69 62 57 50 65 58 32
32 33 48 49 69 54 61 66 53 58 32
32 33 34 59 64 41 42 43 65 58 32
32 58 65 50 57 62 69 49 48 33 32
32 58 65 43 42 41 64 59 34 33 32
32 58 53 66 61 54 69 49 48 33 32
33 48 47 68 63 56 51 64 59 34 33
33 48 47 68 55 60 67 52 59 34 33
33 34 59 64 51 56 63 68 47 48 33
33 34 59 52 67 60 55 68 47 48 33
35 36 37 61 66 44 45 46 67 60 35
35 60 67 46 45 44 66 61 37 36 35
38 62 69 49 48 47 68 63 40 39 38
38 39 40 63 68 47 48 49 69 62 38
50 65 58 53 66 61 54 69 62 57 50
50 57 62 69 54 61 66 53 58 65 50
51 64 59 52 67 60 55 68 63 56 51
51 56 63 68 55 60 67 52 59 64 51
