26 49
15 6 2 3 65535 65535 65535
3 13 65535 65535 65535 65535 65535
0 4 25 65535 65535 65535 65535
0 1 4 5 7 11 65535
2 3 22 65535 65535 65535 65535
3 19 11 65535 65535 65535 65535
0 23 11 12 65535 65535 65535
3 11 20 65535 65535 65535 65535
14 23 9 21 65535 65535 65535
8 16 11 12 65535 65535 65535
17 11 21 65535 65535 65535 65535
3 5 6 7 9 10 13
6 9 14 20 65535 65535 65535
1 11 15 21 65535 65535 65535
8 12 22 15 24 65535 65535
0 13 14 22 16 65535 65535
9 15 18 65535 65535 65535 65535
10 18 19 65535 65535 65535 65535
16 17 22 65535 65535 65535 65535
5 17 23 24 25 65535 65535
7 12 23 65535 65535 65535 65535
8 10 13 65535 65535 65535 65535
4 14 15 18 65535 65535 65535
6 8 19 20 65535 65535 65535
14 19 25 65535 65535 65535 65535
2 19 24 65535 65535 65535 65535
