61 69 1 
0 2 46 
3 53 1 
4 2 32 
17 3 5 
40 4 6 
7 5 63 
48 6 8 
9 7 27 
34 10 8 
9 19 11 
52 10 12 
41 13 11 
12 14 30 
47 15 13 
14 36 
25 17 
16 4 18 
19 57 17 
10 18 20 
19 21 45 
20 38 22 
23 21 
62 22 24 
51 25 23 
24 16 26 
27 25 
8 26 28 
29 69 27 
30 28 56 
31 29 13 
32 30 
3 31 33 
66 32 34 
35 9 33 
60 34 36 
37 35 15 
38 36 54 
39 37 21 
68 38 40 
39 5 41 
40 12 42 
41 43 
42 44 
43 45 
44 20 46 
1 47 45 
46 14 48 
47 7 49 
48 50 
49 51 
52 24 50 
53 51 11 
2 52 54 
37 53 55 
54 56 
55 29 
18 58 
57 59 
58 60 
59 35 61 
60 0 62 
61 23 63 
6 64 62 
63 65 
64 66 
65 33 67 
66 68 
69 39 67 
0 68 28 
