19 3 21
4 20 23 
1 5 24
2 26 6
3 27 7
4 8 29
9 5 30
6 10 32
33 11 7
8 12 35
9 13 36
10 14 38
11 15 39
12 16 41 
13 42 17
14 44 18
19 45 15
16 47 20
1 48 17
2 50 18
1 22 51
21 23 37
22 2 52
3 53 25
26 24 40
4 25 54
55 5 28
29 27 43
6 28 56
57 7 31
30 46 32
8 31 58
9 34 59
33 35 49
34 60 10
61 11 37
38 36 22
12 37 62
40 63 13
41 39 25
14 40 64
65 43 15
44 28 42
66 43 16
46 67 17
31 45 47
68 46 18
19 49 69
48 34 50
49 70 20
58 66 21
65 23 57
24 68 60
59 26 67
70 62 27
69 29 61
64 30 52
51 63 32
66 54 33
53 65 35
68 36 56
38 67 55
58 39 70
57 69 41
52 60 42
51 44 59
54 45 62
47 53 61
48 56 64
55 63 50
