21 3 19 
23 20 4 
1 24 5 
6 26 2 
27 7 3 
29 4 8 
9 30 5 
32 10 6 
11 7 33 
35 12 8 
36 13 9 
38 14 10 
11 15 39 
41 16 12 
17 42 13 
14 18 44 
45 15 19 
16 47 20 
17 48 1 
18 50 2 
22 1 51 
23 21 37 
52 22 2 
3 25 53 
24 26 40 
25 54 4 
28 55 5 
43 27 29 
56 6 28 
7 57 31 
32 46 30 
58 31 8 
59 9 34 
49 35 33 
34 60 10 
61 11 37 
38 36 22 
62 12 37 
40 13 63 
41 39 25 
64 40 14 
15 65 43 
42 28 44 
66 43 16 
67 17 46 
47 45 31 
18 68 46 
19 69 49 
48 34 50 
20 49 70 
58 66 21 
65 23 57 
24 68 60 
26 67 59 
27 62 70 
69 61 29 
30 64 52 
63 51 32 
66 33 54 
35 65 53 
56 36 68 
55 38 67 
39 58 70 
57 41 69 
42 52 60 
51 44 59 
54 45 62 
47 61 53 
48 56 64 
55 63 50 
